60	61
60	60
60	60
63	63
65	65
65	65
66	66
65	65
63	63
65	65
60	60
65	65
60	60
61.5	61.5
60	60
62	62
60.8	60.8
60	60
61.8	61.8
63.3	63.3
60	60
63.8	63.8
62	62
65.8	65.8
61	61
67	67
71.6	71.6
70.88	70.88
68.2	68.2
66.8	66.8
62.1	62.1
65.12	65.12
67.8	67.8
69.5	69.5
71.2	71.2
74.6	74.6
77	77
74.7	74.7
73	73
70.02	70.02
63.02	63.02
65.18	65.18
61.18	61.18
63.5	63.5
60	68.6
60	68.5
62.5	62.5
63.5	63.5
65.16	65.16
66.82	66.82
60.18	64.9
60	62.3
60.2	64.68
63	63
63.51	63.51
65.35	65.35
67.52	67.52
68.66	68.66
71	71
64	72
61.2	64.43
58	68.65
58	60
58	65.2
58	67.73
60.91	60.91
54.82	60.05
54	60
50	60
45.55	55
41.85	51.1
46	50.6
46	46
41.5	45
42	45.3
42	45.2
39.73	48.55
53.41	53.41
58.75	58.75
64.63	64.63
58.17	71.09
52.35	63.99
57.59	70.39
60	60
54	54
48.6	52
50.8	52.8
49.5	51.2
48.5	51.6
49.5	52.3
50	52
51.7	53
50	53.5
48.5	48.5
43.65	43.65
43	43
38.7	38.7
34.83	34.83
31.35	31.35
28.5	29
25.8	27
26	27.1
23.99	26.61
26.9	26.9
26.1	26.1
23.5	25
23.8	23.8
26	26
26	26
26	26
26	26
26	26
26	26
23.6	23.6
23.8	25.96
23.9	23.9
22.6	22.6
22.8	22.8
21	21
21	23
20.5	23.5
22.6	22.6
24.1	24.5
24.2	26.5
27.8	27.8
29.8	29.8
31.6	31.6
28.5	28.5
25.8	31.2
25.38	31
32.6	32.6
29.36	29.36
27.47	32.3
32.5	32.6
29.36	29.36
26.42	26.46
23.8	23.8
21.46	21.46
20.6	20.6
20.66	21.6
20.66	20.66
20.68	20.68
20.69	21
20.8	20.98
20.8	20.8
20.8	20.8
20.8	20.8
20.88	20.88
20.88	20.88
20.98	20.98
20.98	20.98
20.99	21.6
20.88	21.6
20.98	20.98
20.5	20.98
20.6	21.1
20.2	20.2
20.98	22.2
23.3	23.31
20.98	25.6
22.17	27
23.58	28.82
29.49	31.7
32.54	32.54
29.89	29.89
26.9	32.88
25.34	30.98
27.9	34.08
31.01	31.01
34.11	34.11
30.7	30.7
27.63	27.63
24.87	24.87
22.38	22.38
20.14	20.7
18.13	22.1
17.15	20.97
18.87	22.89
18.19	18.19
16.37	20.01
17.84	21.8
19.62	23.98
21.65	23.82
21.44	26.2
26.02	26.02
23.42	23.5
25	25.81
28.39	28.39
26	30
32.98	32.98
29.68	29.68
26.8	26.8
24.2	24.2
21.8	26.62
20.34	24.8
21.17	21.17
19.05	23
17.15	20.97
18.87	23.07
17.19	21.01
16	19.03
16.4	17
18.22	18.22
16.5	16.5
17.5	18
18	18
19	19.8
17.82	21.78
17	19.8
16.99	16.99
16.97	17.99
16.08	17.48
16.7	18.8
17	19
16.6	19.21
16.35	16.35
14.72	14.72
13.25	15
13.42	16.4
14	14
12.6	15.3
16	16
15.5	15.5
14.4	17
15.5	15.75
14.5	15.5
16	16
15	15
15.99	15.99
14.4	15.19
15.39	16.7
15.2	17.07
15.5	15.55
15.8	15.88
15	16
16	16.5
16.42	16.48
16.45	16.45
14.81	14.81
14.5	16.29
15.2	15.2
16.3	16.3
16.44	16.48
16.5	16.5
16.48	16.49
16	16.48
16.5	16.5
16.5	16.5
16.48	16.5
14.85	16.47
15.5	16.46
16.39	17.06
16.35	18.05
16.43	19.2
16.5	20
14.96	16.5
17.69	17.69
19.4	19.4
18	18
16.2	16.2
15.5	16.49
15.6	17.08
16.7	18.63
15.25	18.6
16.68	20.36
16.43	19.63
18	18
16.2	16.2
15.5	15.5
14	16.07
16.5	16.5
15.98	15.98
15.5	15.5
15	15.5
15	15
15	15
15	15.2
14.9	15
15.5	15.5
14.99	15
14.95	15
14.9	15
13.48	16.48
14.9	15
16.46	16.46
14.99	16
15	15
15	15
13.5	16.5
14.5	16.82
14	15.1
14.95	14.95
14.99	15
15.3	15.3
15	15
15	15
15	15
15.3	15.3
15	15
15.2	15.2
14	14
15.1	15.1
14.99	15.5
14.99	16
16.2	16.2
16.9	16.9
17.4	17.4
17.99	19.14
17	18.45
18.45	18.45
16.8	16.8
15.12	18
15	17.5
14.6	17.7
13.8	16.73
16.5	16.5
16	18.1
14.75	14.75
13.3	16.23
14.36	14.36
13.3	13.3
14.2	14.51
15.2	15.2
13.97	15.1
13.99	16
16	17.26
14.41	16.8
14.58	16.4
14.76	17.5
14.23	14.23
12.81	14.5
12.99	12.99
12.49	14.29
12.2	14.5
12.81	15.58
12.13	12.5
13.49	13.49
14.75	14.75
16.2	16.2
14.58	14.58
13.12	15.9
12.53	15
11.79	14.34
10.69	12.98
10.41	12.73
11.05	13.45
10.88	13.3
11	11.19
11.79	11.99
10.7	13.05
11.66	14.25
15.5	15.5
13.95	16.2
16.2	16.2
14.58	14.58
14.3	16
15.6	15.6
14.04	16.2
14.41	15
13.5	15.7
14.09	14.5
15.5	15.5
16.2	16.2
14.58	14.58
13.12	16.04
13.19	13.19
11.87	11.87
10.68	13.05
9.67	11.81
10.88	12.69
11.01	13.28
11.68	14.25
11.7	14.3
11.57	14.15
11.43	13.97
11.13	13.61
11.41	13
10.57	12.91
10.32	12.62
9.9	11.38
9.32	9.32
8.39	10.25
8.49	10.37
7.76	9.1
8.3	9.45
8.1	8.1
7.29	8.3
9	9.1
8.18	10
10.77	10.77
10.1	10.1
10.5	10.5
9.45	10.55
10.5	10.5
11.1	11.55
11.5	11.5
11.5	11.5
10.35	11.5
9.9	9.95
9	9
8.1	8.25
8.15	9
9.68	9.68
10.65	10.65
11.4	11.4
11.4	11.4
10.3	11.3
9.8	11.6
11.88	11.88
10.7	11.15
9.85	12
12.85	12.88
13.1	13.1
14.3	14.3
13.4	15.2
13.68	14.5
13.01	15
12.65	15.2
15.5	15.5
13.95	15.6
14.02	17.1
13.95	15.5
13.94	13.94
12.55	15.3
12.8	15.5
13.54	13.54
12.19	14.7
11.29	13.79
10.19	12.4
10.84	11.45
10.28	11.5
10.31	10.31
9.8	9.8
9	10.7
10.3	10.35
11.3	11.3
10.17	10.18
11	11
11.3	12.1
10.17	12.43
10.95	11.7
10.53	10.53
9.8	10.8
10.5	11.5
10.75	11.7
10.49	11
11.7	11.7
10.53	10.53
9.8	9.8
10.58	10.78
11.5	11.5
10.35	12.5
13.2	13.2
11.88	13.5
11.2	11.2
10.3	12.3
10.2	12.45
11.9	11.9
10.71	13
10.2	10.6
10.2	10.89
9.8	10.99
10.05	11.14
10.1	11
10.4	11.68
11	11.97
10.7	12.3
12.42	12.46
12.45	13.7
12.3	13.8
15	15
13.5	16.5
12.6	15
12.5	13.78
11.5	13.78
10.5	12.72
12.3	12.3
11.2	11.2
10.88	10.88
11.02	11.9
11	12.44
11	13
10.85	13.26
11	13.27
11.3	13.68
11.4	13.52
13.74	13.74
14.6	15.11
13.15	15.94
12.3	14.67
13	15.1
13.7	15.5
14.9	16.4
15.8	17.52
15.2	18
15.5	18.25
16	19.48
17.5	19.45
17.5	20.08
17.5	19.4
17.5	19.98
16.3	18.45
17.5	18.12
16.8	19.5
16.5	18.88
16.58	18
16.59	17.98
17	17.85
18	18
16.2	16.8
14.67	16.4
13.77	15
12.75	13.48
12.7	14
13.35	14.67
13.88	14.95
15	15.4
15	16.75
14.51	15.2
14.9	15
14.5	15.79
14	15.99
14.81	15
14.7	15
14.7	14.7
14.6	15
15	15.3
15.29	15.49
15.06	15.6
15	15.05
14.9	15.38
14.99	16.6
13.5	16.45
13.62	15.68
13.2	16.1
14.81	15.8
13.43	15.99
14.9	14.98
15.1	15.8
14.81	15.59
14.91	16.04
14.01	16.87
15.02	15.84
15.2	16.38
15.2	16.5
15.1	17
15.06	16.79
15.2	15.69
15.23	15.78
15	15.86
15.1	15.36
15	15.95
15	16.48
15.05	15.3
15	15.3
14.98	15.79
14.98	17.06
14.8	16.7
14.8	16.38
14.5	15
14.4	14.5
14	14.3
14.2	15.45
14	14.99
13.99	14.1
13.98	14.5
13.9	15.09
13.21	15.95
13.7	16.18
13.85	15.2
14.1	14.1
13.9	14.79
14.5	14.8
14.1	15.88
14.6	14.78
14.36	14.5
14.41	15.5
14	16.5
14	14.89
14	15.67
13.84	16.92
14.61	17.84
15.65	18.9
17.01	17.01
15.31	15.31
13.78	16.8
13.2	15.9
12.58	14.49
13.8	13.99
13.52	15.33
12.68	13.8
13.1	13.9
12.78	14.85
12.96	14.18
13	14.68
13.1	14.5
12.96	14.9
13	14.78
12.2	14.8
11.56	14
12.59	12.59
12.21	13.79
13	13.2
12.5	14.4
11.58	14.15
13.5	14
12.6	15.38
13.28	15.5
13.39	15.7
14.12	14.12
12.71	15.5
11.58	14.14
11.88	14.29
10.69	13
12.22	12.22
12	12
12.31	12.7
12.1	12.74
12.04	12.04
11.5	12.7
10.49	12.1
12.5	12.6
11.7	12.8
11	12.7
11	12.19
12.03	12.17
12.33	12.79
12.51	12.52
11.55	12.5
11.25	12.8
12.98	12.98
11.7	13
11.05	12.51
12.16	12.16
12.51	12.51
11.3	12.8
11	12.8
12.6	12.6
11.35	12.79
11	12.5
11.3	12.68
12.25	12.55
12.21	12.5
12.5	12.8
12.98	12.98
13	14.28
13	13
13.18	13.18
13	13
12.81	12.81
12.8	13.18
12.5	12.9
13	13
12.5	13.2
13.5	13.5
12.5	13.4
13.5	13.5
13.5	13.5
13.3	13.6
13.57	13.57
13.65	13.65
13.7	13.7
13.7	13.7
12.8	14.5
14.42	14.42
13.6	15.6
13.92	13.92
13.85	13.85
13.5	13.9
13.3	13.5
13.5	13.5
13.5	13.5
13.78	13.78
13.89	13.9
13.3	15.2
14	14
13.5	15.2
13.43	15.88
13.8	15.8
13.6	13.8
13.5	13.5
14.3	14.3
13.1	13.8
14.4	14.4
12.96	15.5
13	14.78
13.38	14.23
13.3	14
13.6	13.6
13.55	13.55
13.49	13.49
13.35	13.6
13.45	13.45
14	14
13.78	14.3
13.56	13.56
13.5	13.5
13.2	13.69
13.4	14.2
14.2	14.5
13.31	15.01
14.2	14.5
13.5	13.5
14.2	14.2
13.1	13.2
13	13.2
13.12	14.2
13.1	13.39
14.69	14.69
13.33	13.33
13.96	13.96
13.7	13.7
13.3	13.4
13.31	13.31
13	13.3
13	13.25
13.2	13.2
12.9	14.5
12.8	12.8
12.9	12.91
12.9	13.1
12.9	14
14	14
12.61	15
12.7	13
13.9	13.9
12.8	12.81
12.7	12.71
12.9	12.9
13	13
12.7	12.7
12.7	12.7
12.7	12.7
12.95	12.95
13.67	13.67
13.05	14.5
12.86	14.3
13.2	13.2
12.81	12.81
13	13
12.85	12.85
13.39	13.39
12.4	13
12.9	13.09
13	13.2
12.96	13.1
13.1	13.67
14.41	14.41
13.11	15.85
13.3	13.55
13.39	13.4
13.49	14.69
13.3	15
13.21	13.99
12.8	13.39
13	14.15
14.6	14.6
13.3	15.8
16.1	16.1
14.49	14.49
13.2	13.79
13.4	14
13.5	14.8
13.2	13.2
13.3	14.5
13.79	13.8
13.75	15.1
13.5	14.8
13.5	15.01
13.8	15.01
13.55	13.9
14	14.88
13.5	13.8
13.64	13.79
13.5	13.76
13.3	13.7
13.5	14
13.71	14.39
14.4	14.5
14.8	15.8
14.25	14.43
14.5	14.5
14.25	14.4
14.4	14.8
14.6	15.6
14.6	14.6
14.5	15
14.6	16.24
14.61	16.7
14.71	14.72
14.85	15
14.8	15
14.81	15
14.98	15.2
14.8	14.99
15	15.01
14.61	15.3
15.1	15.3
15.21	15.25
15.01	15.48
15.1	16.2
14.8	15.42
15	16.6
15.01	16.8
14.72	15.8
14.96	15.07
14.8	15.28
14.55	14.99
14.39	15.05
14.7	15.8
14.6	15.1
14.5	16.09
14.3	14.88
14.02	14.49
13.9	14.61
13.15	14.5
14	14.49
14	14
14.5	14.5
14.1	15.95
14.35	14.49
13	13
11.8	12.1
13.3	13.3
14.2	14.2
14.2	15.6
13.45	14.58
13	14.54
12.6	14.15
12.5	14
12	14.1
13.2	13.2
13	13
13	13
13.68	13.68
13.51	13.51
13.02	13.02
13.02	13.83
13.8	14.49
13.89	14
13.61	13.8
14.66	14.97
14.5	14.6
13.88	13.88
14	14.3
14	14.5
14.82	14.82
13.84	14.65
14.66	14.66
14.8	14.8
14.8	14.8
14.6	14.8
13.8	13.8
13.2	14.8
13.2	14.88
13	15.5
12	12
13.2	13.2
14.02	14.52
13.03	15
14.6	14.8
16	16
14.62	16.3
14.9	14.9
14	16
14.6	14.6
14.5	14.6
13.88	14.9
13.8	15
13.88	13.88
13.68	14.6
13.9	15
13.8	15.36
13.9	15.56
13.88	15.88
14.22	15.2
13.88	16
13.9	15.96
15.8	16.3
14.48	15.5
14	16.78
16.6	18.07
16.51	18.6
16.5	18.9
18.29	18.29
18	18.29
16.6	18
16.7	17.5
16.7	16.7
16.9	17
16.99	17
17	17.05
15.3	17.8
15.18	17.5
16.76	16.76
15.15	17.5
15	17.5
14.8	17.5
14.68	17.81
16.5	17.85
17.53	18.6
17.85	18.5
17.8	19
18.8	19
16.61	18.5
15.8	17.98
15.88	17.9
15.45	17.88
16.6	17.98
15.6	17.77
15.3	17.98
17.5	18
17.6	17.98
17.3	17.7
15.82	17.95
16.5	17.68
16.5	18.05
17	18.05
17	17.98
17.51	17.98
17.03	18.05
16.12	18.2
16.22	18.5
18.01	18.45
16.3	18.48
17.88	18.49
18.4	18.68
16.7	18.58
17.25	18.55
17.51	19.43
16.98	19.45
15.31	18.71
14.87	18.17
13.38	16.36
14.72	18
18.8	19
18.8	19.1
18.81	19.6
18.9	19.5
18.7	19.28
18.9	19.45
18.95	20.5
19	19.46
19	19
18.5	18.7
18.55	18.7
18.5	18.6
18.5	18.7
18.35	18.4
18.6	18.6
18.4	18.6
18.55	20
17.86	19.6
19.2	19.2
19.48	19.48
18.37	19.28
19.3	19.6
19.1	19.59
19.68	19.8
19.99	19.99
19.5	19.5
20.6	21
19.5	23
19.01	22.22
19.02	21.8
19.51	20.99
20	21.52
18.41	22.2
18.82	20.84
19.01	21.02
19.16	21.03
19.21	21.25
19.5	21.33
20.18	22.12
19.51	23.8
21.5	21.98
20.8	21.98
20.73	23.4
20.5	21.9
20.61	21.58
20.6	21.5
21.4	21.5
21.31	21.6
21.2	21.55
21.3	21.36
21.39	22.8
21.4	21.8
21.25	21.88
21.6	22
21.71	23.84
19.75	22.49
21.41	22
21.41	21.86
21.35	21.9
21.2	21.8
21.68	21.89
21.5	22.27
21.75	22.22
21.82	22.49
22.02	22.8
20.13	23.5
22.21	24.65
22.25	22.69
20.22	24.71
22.1	22.5
22	22.49
22	22.5
21.8	22.49
20	21.99
20.61	21.95
21.38	21.98
21.54	21.98
21.62	22.04
21.31	22.29
22.11	22.48
22	22.5
22.3	22.8
22.5	22.8
22.6	24.5
22.6	22.82
22.6	25
22.7	23
22.77	23.4
23	24.8
21.73	23.28
22.5	23.07
22.75	23.19
22.51	23.3
22.8	23.29
22.71	23.3
21.25	23.5
20.66	23.2
22.76	23.18
21.21	23.3
22.51	23.3
22.51	23
22.91	23.17
20.66	23.85
22.86	24.8
22.31	23.3
23.02	23.5
23.2	23.67
23.01	23.68
22.01	25.6
22.01	23.65
22.81	23.49
22.36	23.49
22.31	23.7
23.5	23.75
23.19	23.3
23.2	23.5
22.71	22.71
22.81	23.44
23.4	23.88
22.51	24
22.53	23.39
22.2	23.5
22.7	23
20.66	25.1
23.55	23.55
20.5	23.85
20.66	23.98
22.6	23.92
23.5	23.57
22.8	24.85
22.7	23.78
22.7	23.48
23.11	23.24
23.1	23.3
22.8	23.33
22.8	23.44
23	23.49
22.7	23.5
22.61	23.49
22.7	23.42
22.9	23.39
22.53	23.27
22.7	23.45
22.7	23.39
22.65	23.49
22.71	23.49
22.7	25.4
23.5	25.66
22.9	26.1
22.92	23.99
23.89	24.94
23	26.3
23.1	24.88
23.69	25.41
22.71	26
24.01	25.33
23.1	26.99
24.01	26.64
24.01	27.39
25.52	26.99
25.22	26.99
25.03	26.95
25.31	28.18
25.01	27.88
24.01	26.95
25.3	26.9
25.06	26.88
25.56	26.88
25.01	26.86
22.86	26.88
24.61	26.66
22.73	26.8
22.72	26.7
24.01	26.5
25.01	26.5
25.1	26.99
25.4	26.5
25.1	28.5
23.39	26.5
25.22	26.88
26.58	26.58
24.51	26.3
25.5	26.38
25.1	26.25
25.18	26.45
25.1	27.5
25.25	26.4
25.95	26.49
25.1	28.8
25.3	27
26.2	26.49
25.88	27.86
25.6	27.88
25.9	28.33
25.52	26.5
23.5	26.38
26.02	26.5
25.9	26.38
26.04	26.88
26.2	26.77
26.1	26.78
26.28	26.99
26.22	27.1
26.56	27
26.33	26.99
26.51	27
25	27.45
26.63	27.5
26.9	27.49
26.81	27.98
27.04	27.65
27.11	27.6
27.21	27.59
26.1	27.88
26.88	27.66
26.9	27.5
25.22	27.66
27.05	27.05
26.55	27.5
26.8	27.44
26.71	27.44
26.7	27.39
26.4	27.49
26.5	27.49
25.2	27.39
25	27.49
25.52	27.4
25.6	27.2
25.6	27.3
26.1	27.29
26.38	27.18
26.12	27.2
26.5	27.18
26.55	27.28
26.4	27.5
27.27	28
27.2	28.5
27.32	27.86
27.92	28.5
25.6	29.18
28	30
28.2	28.66
27.15	29.5
28.8	29.5
27	29.47
28.7	29.19
28.25	29
29	31.66
28.1	30.66
28	29.4
28.12	29.36
28.71	29.3
28.13	30.5
26.65	30.8
26.66	29.5
26.89	29.34
28.21	29.87
27	29.46
27.2	29.5
28.01	29.48
27.2	29.92
28.12	29.79
27.8	29.28
27.02	29.5
27.66	28.99
28.47	29.16
27	29.93
28	30
27.55	29.78
28.44	30
28.77	30.85
28.6	30.85
29.01	30.8
29	31.49
29.51	30.8
29.11	30.98
30.01	31.2
28	30.88
29.11	30.8
28.6	30.95
28.88	30.88
29.75	30.69
27.65	31.5
28	31.49
28	30.6
28	30.5
29.51	30.58
28.56	31.6
29.5	30.48
28	31.48
29.01	30.3
29.4	30.6
29.3	31
29.2	30.25
28.66	30
29.21	30.3
28	30.65
29.36	30.65
29.21	29.98
28.9	29.95
28.31	29.8
28.32	29.88
28.01	29
28.05	28.99
28.01	30
27.4	28.49
27.51	28.99
25.88	28.99
26.55	28.95
27.19	28.87
27.5	28.99
27.5	28.3
27.31	28.45
27.6	28.48
27.82	28.39
27.5	28.43
27.52	28.65
27.35	28.28
27.35	28.8
27.51	28
27.7	28.9
27.21	28.9
27.86	28.29
27.86	29
27.51	28.19
27.7	28.19
27.22	28.1
27.8	30.5
27.41	29.5
27.85	29
27.81	28.35
27.88	29.87
27.8	28.49
27.2	28.13
27.75	29.02
27.66	28.36
27.72	29.11
27.6	29.42
27.6	28.1
27.6	27.99
25	27.8
27.7	28.18
27.59	28.85
25	28.1
27.21	27.99
27.28	28.09
27.35	28.09
27.48	28
27.3	27.6
27.75	27.75
27.28	27.99
26.38	28.05
27.26	27.98
27.26	27.5
27.21	27.6
26.9	27.6
27.09	27.7
24.9	27.45
27	27.5
27.49	27.68
26.37	27.57
27.43	27.5
25	27.58
27.39	27.48
27.06	28
28.48	28.48
26.33	28.17
28.76	28.76
28.2	28.5
27.66	28.5
27.02	28.39
28.4	28.43
28.35	28.39
28	28.44
28	28.5
27.51	28.48
27.8	28.39
28	28.2
28	28.47
28	28.45
28.1	28.45
28	28.44
27.99	28.3
28.29	28.29
28.02	28.2
28.2	28.39
28.04	28.33
28.2	28.32
28.1	28.2
28.1	28.45
28.11	28.27
28.03	28.1
27.95	28.14
25.6	28.2
27.5	28.1
27	28
28.09	28.09
27.8	28.8
27.8	28.14
27.7	28
27.22	28.2
25.06	28.18
27.52	27.99
27.5	28
27.8	28.12
27.1	28.08
27.7	28.12
27.6	28.06
27.15	28.03
27.55	28
27.7	27.93
27.31	27.99
27.46	27.99
27.41	27.99
27.7	28.19
27.02	30.3
27.22	27.99
27.02	27.98
25	28.08
27.01	27.99
27.02	28.5
27.06	27.9
27.02	27.68
27.78	27.78
27.11	27.9
27.88	27.9
27.11	27.9
27.88	27.88
27.11	27.9
27.5	27.89
26	27.9
27.21	27.9
27.36	27.5
27.21	27.5
27.21	28
27.89	27.89
27.21	27.21
27.55	27.89
27.23	27.89
26.9	27.88
26.8	27.9
26.88	27.9
27.5	27.91
26.7	27.92
27.8	28.08
26.88	28.06
26	28.02
27.51	28.03
27.3	28.25
27.79	28.17
25.1	28.77
27.52	28.09
25.59	30.03
27.8	28.28
27.9	28.49
26.5	28.48
27.32	28.5
27.85	28.49
27.8	30.99
26	27.8
27.36	28.04
27.5	27.8
28	28
27.5	28.55
28.01	28.45
27.78	28.87
26	28.55
27.5	28.77
28.02	28.78
26	28.98
26	28.99
26	28.8
27.02	28.98
26.2	28.98
26	28.99
26.33	28.98
26.3	28.96
26	28.77
26.66	28.78
26	28.88
26.4	28.88
26.5	28.87
28.36	28.87
26	28.89
26	28.86
26	28.66
26	31.2
28.45	29.66
28	29.5
27	31.99
27.55	30.5
28.66	30.38
28	30.48
28.1	30.45
28.11	30.5
29.11	31.49
31.48	31.99
29	31.77
28.55	31.99
28.88	32
29	31.88
28.5	32
31.29	31.98
28.5	34.33
28.66	31.99
28.1	33.88
29.11	32.22
28.1	32.46
28	32.18
28.1	32.48
28	32.25
32.2	32.5
30.1	32
29	32.28
29.11	32.25
29	32.09
31.01	32.19
28.88	32.19
29.11	32.15
29	32.12
29	32.08
28.44	32.5
31.01	33.32
29.88	34.5
30.88	35.5
33.01	35.86
32	35.98
35.22	35.98
32.66	35.65
32	35.78
35	35.79
33.1	35.28
35	35.44
35.4	35.9
32.55	36.15
33	36.5
33	36.8
35.1	36.79
36.7	36.99
36.5	36.95
36	40
34	38.66
33.6	37.9
37.27	37.8
34	37.78
34.5	36.9
34.5	37.49
34	37.48
34.22	37.11
36.5	37
36.5	37.1
35.5	37.95
35.66	37.9
36.91	37.6
37	37.49
37	39.88
36	37.96
37.1	40
38.5	39.98
37.1	39.67
38.4	39.72
37.81	39.49
38	39.5
39.1	39.35
38.31	39.39
39.17	39.9
39.48	39.6
39.51	39.99
39.61	43
39.79	42.99
38.6	40.88
39.8	41.39
39.8	40.1
39.8	40.07
38.39	41.38
39.61	40.9
39.91	40.3
39.25	41.5
39.4	43.3
39.01	42.55
39.3	39.8
39.3	39.9
38.82	41.6
39.38	41.6
39.31	41
39.55	40.75
39.51	40.78
39.68	41.44
40	40.9
39.92	41.94
39.9	41.4
39.95	41.44
40	41.94
39.99	41.57
40	41.2
40	41.5
40.91	41.99
40.02	42.6
41	42.9
39.7	42.48
39.5	42.99
40.01	42.98
42.6	44
42.11	46.55
40	44.2
40.39	44.45
43	44.5
43.5	44.79
43.5	46
43	47
44.37	44.38
43	44
43.2	44
43.01	45
43.3	44.2
43.81	44.92
39.65	45
39.6	44.88
42	44.88
43.61	45.98
43.69	46
43.4	50
43.01	45.1
41.11	44.89
40.01	44.79
40.04	44
39	43.75
40.1	44
40.1	42.88
38.66	41.98
40.03	41.4
40.01	41.8
37.5	41.25
39.01	41.29
39	42
39	41.1
38.66	40.9
38.1	41.75
38.05	40.99
38	39.99
37.11	40.5
38.7	39
38.01	39.9
38	40.4
37.5	39.88
37.89	39.48
37.5	41.48
38.99	39.7
37.7	40
38.22	39.98
38.04	39.8
38.11	39.82
38.21	39.99
37	41.5
38.5	40.99
39	41.5
39.2	41.44
38.62	40.66
37	41.5
39.18	40.88
37	41.9
41	42.99
41	42.11
41.36	42
41.58	43.4
41.19	42.98
42.4	43.88
40	44
42.99	44.99
43.25	44
43	44
43.76	45
43.2	45
43	44.95
42.01	44.87
42	44
41.6	44.16
41	44.5
42.73	43.86
43.3	44.05
42	44.8
43	43.65
43	43.8
42	43.99
42.1	44
43.18	44.58
42.69	44
42.5	43.54
42.6	44.44
42	44.3
42.5	44
43	43.6
43	44
43.2	44.48
42.81	44.5
43.4	44.38
42	44
43.51	44.44
44	46
43.5	44.5
43.91	47
44.68	45.48
42	45
43.02	45.88
42.51	45.8
43.1	45.99
44.01	45.55
44.85	45.7
44.6	45.79
45.6	47.3
45.19	47.4
44.11	48
46.15	47.98
46.66	47.9
47	47.88
47	50
48	53.91
50	55
53	57.88
50.88	62
57.4	60.58
56.05	58
55.55	57.9
51.5	56.19
50.9	57
55.9	57
52	57
53.1	57.49
56.1	58.66
51.4	57.99
50	56.94
53.4	56.45
55	56.68
55.11	58
55.22	57.47
57.03	57.66
53	63.2
58.03	64.19
59.5	61
54.44	60.99
54.44	65.88
59.88	64
54.55	63.8
60	65
63.5	70
67.66	70.88
65	70
67	74.5
70.01	74.83
74	79
81	85.47
89.99	93.28
84.01	97.98
85.73	94.79
77.35	77.36
69.62	77.9
70	78
75.56	79.99
75.5	78.5
75.61	77.77
76.51	83
76.24	85
75	78.5
71.1	76
70.55	77.5
70.2	73.5
68	74
69	71.5
65.01	74
65.5	71
66.23	69.45
65.1	70
66	73.18
69	73
70	76.66
74	76.66
74	79.99
70.5	78.66
73	78
77.1	79.76
74.6	80
74.01	78.9
74.12	78.8
75	77.23
76.5	78.65
77.11	81
80	82
80.25	82.5
77.77	83.5
79.1	82.5
78.01	82.5
79.02	81.7
79.5	81.11
80.25	86.88
80.99	83.19
80.21	85
80	82.56
80.3	82.88
80.12	81.97
80.01	81.98
74.3	81.75
79.1	81
79.1	83.88
79.5	82
79	81.4
79.3	81.88
79.4	82
79.61	81.5
79.36	81.8
79.6	81.4
76	80.8
79.5	80
79.51	81.22
79.6	83.88
79.6	80.99
77.1	80.9
77.12	79.79
78.22	79.64
79	80.3
79.01	80.82
78.5	81.48
78.9	82.8
77.9	79.99
78.13	80.55
77.85	80.3
77	79.94
76.8	79.55
76.54	79.19
77.52	78.98
77.21	79.5
77.6	79.48
77.1	79.28
79	85
79.55	81.9
79.2	85
79	82
79.2	81.2
79.1	81.5
79.05	81.3
78.35	79
78.18	80.89
78.26	85
78	80.88
77.01	80.69
77.01	81
77.03	79.6
77.3	79.2
78.01	80
77.33	79.9
78	80.88
79.4	80
78	80.5
78.5	80
78.4	79.95
77.66	79.5
78.9	81
78.8	80
79.1	79.99
75	80.1
79.01	80.17
79.11	79.98
78.21	79.87
77.88	79.98
78.01	79.46
78	79.95
77.64	78.5
77.53	79.95
69.86	82.9
77.1	80
74	79.8
77.23	79.79
78.01	79
76.5	79.4
70.9	79.4
71.1	79.5
78.11	79.5
71	86.75
79.3	80.01
78.12	87.8
79	79.9
73	79.5
78	79.5
77.31	82.9
77.9	82.9
78.5	78.99
78.8	79.4
77.01	79.4
77.6	78.96
77.22	82
77.01	79.3
78.1	81.9
78.01	79.88
78.03	79.5
72.1	79.4
78.99	79.98
79	79.5
77.1	78.5
77.5	80
72	80
77.1	78.89
77.8	79.99
77.77	79.4
77	79.5
77.9	79.89
78.2	79.7
77	79.18
73.5	79
74.1	81.2
74.13	78
75.01	77.8
75	78.3
75.01	79.5
77.88	78.88
77	78.37
74.44	78.3
74.01	77.83
76.2	78.99
75.01	78.79
73.88	78.37
73.5	77.99
76	78
76	77.98
76.36	77.5
76.11	77.59
76.3	77.6
76.2	77.99
76.2	77.9
76.05	77.95
76	77.2
75.6	77.2
75.82	77.39
76.1	77.18
76.91	77.98
76.95	78.2
76.2	77.9
77	77.77
77.2	78.7
76	78.88
75	77.77
76.2	77.77
76.6	77.77
76.3	77.5
76.01	77.77
76.1	81.18
75.5	79
76.5	77.46
73.11	77.5
77	77
76	78.88
74.03	77.78
74	76.9
74.3	77.78
74.12	77.77
75	79
76.2	81
76.67	81
76.32	78.18
76.15	78.5
76.9	79
76.19	77.77
76.2	77.8
76.2	78
76.2	78
76.3	77.99
76.19	77.66
74	77.6
75.1	77.48
76.19	81
77.25	78.5
75.21	78.49
74	77.97
76	78.2
76	80
75	76.98
75.01	77.7
74.55	76.88
75	77
75.01	78.5
74.78	77
74.5	76.85
74.52	78.4
74.1	77.68
74.2	76.18
74.22	77.4
73.52	77.36
73.82	78.66
74.15	78
74	77.7
73.81	76.99
73.94	76.8
73.93	76.66
74.13	76.99
73.2	80
74	76.99
72	76.99
74.02	74.88
72	79
74.2	76.98
75.01	78.9
75	76.98
75.53	77.5
76	77
76.5	77.36
75.1	77.48
75	77.99
74.1	78.5
77.05	84
77	79.88
76.2	77.99
77.41	78.5
77.78	80
78.81	79.88
79.55	82.99
77	82
80	81.8
80.15	83
80.5	82
80.15	81.77
78.88	82
79.01	81.5
80.1	82.98
78.07	81.8
80.62	81.49
80.68	81.95
80.6	82
81.11	81.8
80.88	81.99
81.15	84.88
81.21	85
81.88	87.87
82.88	91
83.5	87.87
83.8	86
83.81	85.5
83.71	86
83.85	90
80	86.4
82.11	88
83.01	85.5
83.02	84.8
83.1	85.99
83.11	86
83.5	88
83.1	88.88
83.35	91
83.6	85.8
80.1	84.8
83.35	84.88
83.2	88.8
82.8	89.99
83.5	89.99
82.6	84.75
78	87.8
83.51	86
83.6	84.88
83.31	84.99
84	85
84.03	84.89
84	87.87
84.5	86.5
83.1	88
80.5	85.9
84.5	87.5
85	86.58
85.11	88
85.6	87.5
85.7	87.48
86	88
85.61	87
85.7	87.44
85.9	90
85.9	90
