-0.029811079	0.070990475
0.420300682	0.317991444
-0.407390492	-0.316196329
0.372843686	0.340481976
0.235953133	0.145143099
-0.546652999	-0.569418676
0.830874074	0.873796924
-0.151837432	-0.127165814
-1.678447676	-1.691243195
2.021281961	2.013859861
-2.148910883	-2.144690035
2.020823369	2.019167275
-1.690200277	-1.691168172
1.292567523	1.295004908
-0.965216547	-0.966372369
0.778894272	0.775730988
-0.036770623	-0.034658015
-0.799909096	-0.793760566
0.139081433	0.14099272
1.169504896	1.165187732
-1.431363985	-1.434004191
1.723214121	1.730299016
-2.002480058	-2.003876331
2.185496774	2.178026909
-2.202863538	-2.193836383
0.944796374	0.953339899
1.820172994	1.81388554
-0.27662333	-0.291352373
-1.312032038	-1.310029808
1.151599416	1.18170511
-1.136031064	-1.098857996
1.102745978	1.134889334
1.124200756	1.142200146
-0.07278419	-0.07867571
-1.070666208	-1.109031391
0.079752938	0.032675712
1.064507718	1.027470235
-1.107314174	-1.126802673
0.126137987	0.038833203
1.449937621	1.564053463
-1.959089139	-1.541489715
1.58441823	2.266510878
-1.814675256	-2.080441505
1.513113359	-1.163705124
-0.428666409	2.77841097
-0.514434013	2.704686085
0.444013625	-2.416929277
-1.117480542	-0.808389852
-1.138100941	0.544336467
1.772595553	1.180202937
-1.799107173	-0.305754115
-0.220661582	-1.492251184
-0.067302423	1.393773671
0.976449013	-0.524556521
-0.687640715	-0.588506865
-0.320178847	0.290650333
0.596756933	0.638648383
-0.673048042	-0.917360519
1.467375868	-0.09773538
-0.966892567	2.081978113
0.660936266	-3.015075916
-0.534409951	3.557068646
0.517690166	-3.759230666
0.325573889	0.99824997
-0.747348026	3.214452953
1.478075425	-2.019325858
-2.195786438	-0.935139413
1.641687457	0.020931414
1.763774072	1.721112924
0.238568914	-0.575047003
-2.052881863	-1.281414327
1.935725964	1.274655275
1.299952795	-0.824501485
-2.364331664	-0.344289039
0.692159895	0.54653432
2.295578965	-0.271759808
-2.231043196	0.238844855
2.239866085	-0.238915552
-2.383239172	-0.84151425
2.446143258	0.309962277
1.03658871	3.511594007
-1.839456665	-4.180150668
1.368667861	4.385592877
2.268992823	-1.054443259
-1.33978344	-2.627213129
-2.753676088	-1.237979336
1.788264635	1.296130881
0.768813077	-0.4934141
-0.859679937	-0.22059279
0.319666364	0.387382873
-0.000276998	-0.70697168
0.553047712	-0.341904411
-0.328717685	1.243486156
0.976179592	-0.345442771
-0.796861805	-1.297749037
0.762132085	1.263447317
-0.634005602	0.11265692
-0.68437283	-0.49661271
-0.032219958	-0.534898761
0.434951353	0.292301493
-0.568315672	-0.155240904
0.764942778	0.188035744
-1.021491095	-0.280235459
1.246709943	0.385849945
0.533928774	0.247127699
-1.431239568	-0.181796865
-0.675807229	-1.046317113
1.329148267	0.747998079
0.535381266	-0.080382734
-0.360847508	-0.833297628
-0.850601539	-0.946102741
-0.536405209	-0.078580752
0.615797371	0.991649549
-0.483946114	-1.063595869
0.347946613	1.075776754
0.462109945	-0.491243201
-0.556077435	-0.784477936
0.369209636	0.815730482
-0.287356271	-0.705888933
0.297491728	0.525447265
-0.467301387	0.426851954
0.503104785	-0.709626688
0.553471486	0.508528927
-1.251638938	0.464244781
0.530728886	-1.081815057
1.156932729	-0.919077607
2.321349128	0.860867788
-0.429403611	-1.074807395
-2.496945843	0.766221759
-2.856483981	-1.253996909
3.331758504	0.785830216
-0.989884812	-1.804664391
-3.063332801	0.31311729
2.438672181	0.313796296
0.619542381	-0.984191804
-0.284726674	-0.283491051
-0.473978843	0.589449799
-0.551439701	0.07249993
-0.049653913	-0.422208438
0.249154275	0.474072329
-0.123925191	-0.434186965
-0.309865249	-0.358329634
-0.189980084	0.062746936
0.119109974	0.165498863
0.23665549	0.01359327
0.135969016	0.032347093
-0.04041535	0.015604086
-0.005670862	0.012632173
-0.012425982	-0.016451656
0.022874611	0.050422559
-0.017557777	-0.116319559
0.00829423	0.211631255
-0.065354412	-0.000562032
0.00030141	-0.434316559
-0.283921089	0.057942046
0.335747479	0.499399777
-0.110647121	-0.575158345
-0.53432478	0.312239572
0.712092631	-0.213342849
-0.787955366	0.213277708
0.853290172	-0.208352803
-0.857209313	-0.159642406
0.215613867	1.019941424
0.524472995	1.011455791
-0.310491593	-1.300551468
0.189138368	1.440311416
-0.158489815	-1.529766168
0.282103923	1.559842605
-0.508677099	-1.49222362
0.698400349	1.294586439
-0.906601477	-0.633137432
-0.457738607	-0.714145823
0.001571858	0.096526849
0.170669147	0.327891231
0.198881724	-0.457718207
0.125552676	0.778277444
-0.31047695	-1.149757712
0.458524527	1.413774147
-0.486112368	-1.496689181
-0.912380966	-0.240490447
0.892007884	-0.032163552
0.49520552	1.155813904
0.15089135	-0.899780277
-1.526477725	-0.131594287
1.745951951	0.47544838
-1.797410861	-0.757069935
-0.715465718	0.878088538
2.223226104	0.766445541
-2.194866256	-1.0118683
2.049810445	1.08419248
-1.37946169	-0.325013371
-1.455317943	-0.711237363
-0.052477695	-1.642550401
0.295265593	1.582498682
-0.637256996	0.866429091
0.381349261	-1.438857968
-0.160046949	1.329808227
-0.727434092	-1.049390456
1.273191386	0.695594532
-0.138882129	-0.29638616
-1.142512887	-0.409616769
-0.895321843	-0.933515252
0.923299424	0.692220509
-0.510132955	-0.782233111
0.28291427	0.750500513
-0.229252557	-0.684055654
0.364419686	-0.610281142
-0.22280907	0.835657453
-0.3905712	0.329797838
-0.069625248	-0.722701916
0.264707649	0.576983861
-0.232378923	-0.413382502
0.146678155	0.305857454
0.001611599	-0.31374959
-0.176602228	0.443769025
0.354690227	-0.633218415
-0.228521354	-0.659692109
-0.821919727	0.01264614
0.009083417	1.246868584
0.789162811	-1.085284969
-1.257779057	0.289344586
0.926814147	0.571224578
0.151931868	-0.834036052
-0.703749295	0.369004868
0.644576175	-0.185850234
-0.585213802	-0.144803689
0.58214975	0.291848467
-0.603408438	-0.435770774
0.598101675	0.529130368
-0.422371648	-0.685561321
0.561780439	0.286964073
-0.214728904	0.491826127
-0.190984532	-0.45625163
0.325577472	0.1380691
-0.263245946	-0.058700891
0.226510687	0.059436499
-0.19413357	-0.176773427
0.122630751	0.407988337
-0.112253766	-0.567531518
0.091127539	0.66070665
-0.064318025	-0.680185912
0.157070127	0.439848561
-0.049707824	0.58259923
0.060986941	0.301785629
0.180255025	-0.126938644
-0.423730467	-0.340005109
-0.040738841	-0.152761758
0.023148528	0.15576248
0.468712903	0.238937036
-0.422943964	-0.009118189
0.218450934	-0.475147683
0.401900702	-0.458239609
-0.435693322	-0.079413894
-0.084047829	0.700933276
0.631116302	1.513433916
-0.997869662	-1.626811224
0.619732154	-0.171260728
1.301529731	1.629605228
-0.118721478	0.338519506
-1.197129815	-1.359691679
-1.101274181	-0.938318627
-0.494675142	-0.362430598
0.810422952	0.685411348
-0.665460665	-0.478056928
0.545526553	0.289957984
-0.465810554	-0.138199687
0.446682242	-0.00514231
-0.493767567	0.042412164
0.58463826	-0.047882138
-0.677438121	0.04714346
0.73483802	0.067495986
-0.27314327	-0.240624006
-0.540481285	-0.241306965
-0.552633965	0.107251335
-0.035305927	-0.224954574
0.314755929	-0.07151957
0.306821702	0.225085998
-0.215886154	-0.148554034
0.055075721	0.243342721
-0.317841526	0.021864704
0.158630848	0.183173921
0.632976072	-0.259376388
-0.650611036	0.556109592
0.122650345	-0.993355845
0.746472548	0.754674428
-0.940152136	0.533161933
-0.376988098	-0.540875283
0.403283812	-0.90846742
-0.63910946	0.142669722
0.337397181	0.548473132
-0.333849835	-0.313993906
0.275153184	0.142704791
-0.159091482	-0.071168214
0.074899793	0.031689949
-0.020597475	-0.027965778
0.015146236	0.039863696
-0.060558295	-0.074568574
0.144168435	0.149714051
-0.250093143	-0.25286714
0.355604225	0.338450273
-0.425526131	-0.367028191
0.443334861	0.324046411
0.018346095	-0.019150477
-0.356660383	-0.118549694
0.237989073	-0.144998115
0.055273492	0.254563177
-0.233267189	-0.283713124
0.378189189	0.344069661
-0.505877164	-0.423928531
0.645226032	0.417767583
-0.509180303	-0.530907276
-0.696709131	0.285823892
0.706583089	-0.35765824
0.677426948	0.534184192
-0.957389082	-0.209046588
0.626042754	-0.726028809
0.013307811	1.132932596
-0.091009935	-1.192337274
-0.413902255	1.085832669
0.885296686	-0.027773251
-0.55882904	-0.696087034
-0.142054706	0.556481441
0.781313599	0.458560017
-0.55548333	-0.640569139
-0.794470809	-0.401403351
0.822932002	0.621019089
-0.724567974	-0.209614329
-0.233432025	-0.90280121
0.123540751	0.87059956
0.246307272	-0.751653869
-0.272377421	0.591877175
0.239187435	-0.475373665
-0.105373917	0.470841092
-0.261110686	-0.585905115
0.434292965	0.767121972
-0.560449898	-0.942925713
-0.258511929	0.134870776
-0.205558435	0.435171097
0.69504629	0.915572253
-0.335349923	-0.914884732
-0.479202615	0.378994172
0.188488254	-0.259161183
0.355662064	0.253941195
-0.161309654	-0.221455746
-0.226585197	-0.362710574
0.251849071	0.346245204
-0.213206921	0.596778079
-0.022271226	-0.780125875
0.764799234	0.160123115
-0.860869172	0.397884081
-1.158372232	0.091181514
1.191199868	-0.095503041
-1.163449192	-0.087033985
1.072316081	0.246884707
-0.362815123	-0.58757496
-0.687754236	0.465430195
0.663146069	-0.420029754
-0.567313824	0.401416102
0.486648822	-0.339589587
-0.080616078	0.483530383
-0.226323207	-0.580443005
-0.111647901	0.45607031
0.295621189	0.797715385
-0.1520195	-0.997897798
-0.224980315	1.054046753
0.55034564	-0.538131686
-0.054189662	-0.862796878
-0.138937935	0.719504268
-0.370063871	-0.399472118
0.397381513	0.176399814
-0.256070289	-0.121292562
0.126956643	0.089859668
0.044608899	-0.048736109
-0.035900855	-0.025796127
-0.004302965	0.10872341
-0.166119905	0.093785728
0.262163454	-0.226825598
-0.302301832	0.078688988
-0.13241246	0.542693349
0.038079463	0.446946597
0.148536951	-0.656890467
-0.195871071	0.479627246
0.214336227	0.573209323
-0.267923509	-0.541445945
0.32152435	0.497745432
0.151311131	-0.309877395
-0.670919441	-0.12766217
0.739856713	0.117031147
-0.735391275	-0.122360844
0.661389857	0.157396584
-0.544822637	-0.180535717
0.421075162	0.170255025
-0.318591725	-0.037834463
0.15039609	-0.24633957
-0.099400633	0.30955611
-0.071853529	-0.268038422
0.199680025	-0.249131556
-0.119778221	0.399108961
0.366085394	-0.15919741
0.109107369	-0.170584986
-0.541409441	-0.380578077
-0.631749257	0.270734907
0.4995675	0.338413313
0.939348027	0.430597362
1.144082999	0.296590809
0.682983607	-0.336555796
-0.732401363	-0.636508557
-1.263871745	-0.12243492
1.142156811	0.399008035
0.312407594	-0.469661458
-0.862002097	-0.202845624
0.655460542	0.210274695
-0.472645666	-0.134861364
0.36737963	-0.014257475
-0.374071091	0.159714454
0.461710022	-0.254109558
0.026995789	0.392970174
-0.851716614	0.057438197
0.988779156	-0.329401264
-0.801274176	-0.523839752
-0.31865863	1.05751655
0.114072868	-0.067352385
0.537988153	-1.074304108
-0.579189223	0.594674454
-0.378520252	0.932463553
0.328940519	-0.839439949
-0.263201877	0.723002183
0.193770237	0.350890389
-0.192577355	-0.310669651
0.249597629	-0.46976593
-0.280546999	0.435668987
0.37833257	-0.100454046
0.318133258	-0.401323039
-0.551217882	0.250889297
0.049800548	-0.537386437
0.51599435	0.426699252
-0.643406571	-0.318786658
0.275797551	-0.08353774
0.58606113	0.086972578
-0.52784274	0.117215997
0.421254941	0.058428476
0.172576396	-0.363734315
-0.398137163	0.075132533
0.29594854	0.40026569
0.319075762	0.235230072
-0.330147764	-0.585315169
0.603083134	0.444046002
-0.504779452	-0.058896893
-0.937910876	-0.319703198
0.143485427	0.405807371
1.011959374	0.063245853
-0.920062068	-0.227358121
0.771299076	-0.092016795
-0.41537354	0.598343801
0.290125188	-0.778570534
-0.036109083	0.737444734
-0.580365138	0.483492808
0.430257063	-0.745229028
-0.35565254	0.639802826
0.037358393	-0.485517834
0.307394423	0.149729095
-0.137295315	-0.160607694
0.084296396	0.086039715
-0.054740297	-0.065106533
-0.04836503	0.074047847
0.278409334	-0.056108427
-0.477967056	0.083260648
0.680080649	-0.122262342
0.063228725	0.476752614
-0.949250166	-0.207706123
0.970934649	-0.207367395
-0.444459015	0.593255923
-0.629199683	-0.338749232
0.566341229	-0.367320271
0.379063352	0.38614999
-0.63363678	-0.1952936
0.672632375	0.200418862
-0.706874967	-0.124216586
-0.848241043	-0.216419976
-0.096969848	0.279805032
0.623613981	0.058195928
1.141865974	-0.058108203
1.024651726	-0.201290621
0.678765684	-0.228682281
0.028988348	0.358785822
-1.043227792	-0.013079319
0.234498241	-0.404539605
0.750875776	0.10259415
-0.106854818	0.429474315
-0.281008344	-0.440616397
0.261983544	0.306887502
-0.133981056	-0.023334945
-0.136502445	-0.206840035
0.160501361	0.111131045
-0.201727343	0.123696251
0.175182585	-0.205850073
-0.191824635	0.220483444
0.182489674	-0.252163601
-0.160056201	0.320137918
0.044740984	-0.431433111
0.316192543	0.512281532
-0.69910241	-0.325050854
0.581608203	-0.414048894
0.344967544	0.795490475
0.261372106	0.113497011
0.085359666	-0.617645858
-0.572844473	-0.33544577
-0.645566828	-0.154966469
0.541684957	0.305552768
-0.196284438	-0.415902285
-0.211574498	0.22074421
0.234095484	0.180049633
-0.04063006	-0.338744129
-0.090857729	0.355122936
0.073001402	0.432795477
-0.212724345	-0.290955853
0.208010506	-0.56520189
-0.021850778	0.680193504
-0.324384654	-0.504877672
0.374227621	-0.488418353
0.262982352	0.224874545
-0.219171221	0.396167189
0.266261511	-0.212958977
-0.150283187	0.17438398
-0.172347696	-0.231712386
-0.24139787	-0.103193003
0.101913052	0.126977017
0.299161547	0.278216056
0.004745646	0.311261731
-0.104565474	-0.364230385
-0.190627031	-0.384346169
0.196891008	0.32814198
-0.393211564	0.13355772
0.447616174	-0.252282039
-0.5099882	0.247562758
0.55857536	-0.226116378
-0.578313649	0.215767111
0.5214301	-0.278728892
-0.09599092	0.513039143
-0.392185571	-0.257017204
0.386482758	-0.34025166
-0.215451021	0.398541412
0.158020536	-0.299901079
-0.090815726	0.216924418
0.030997387	-0.175056627
0.038182088	0.099330016
-0.023998052	0.214536361
0.037239405	-0.270703776
0.058685705	0.246468223
-0.091688325	0.375746788
0.070432583	-0.445048097
-0.029375383	-0.081150671
-0.033086292	0.483923847
0.023771129	-0.453260092
-0.003855391	-0.452133746
-0.009142508	-0.443520963
0.038783525	0.272710947
-0.050323443	-0.188311654
0.055492319	0.12433723
-0.060593808	-0.119872333
0.08112379	0.195769835
-0.121683288	-0.309302847
0.168795824	0.363035103
-0.08633255	0.157614021
-0.159354831	-0.240693202
-0.10879291	0.082880755
0.176557625	-0.050958851
-0.184135788	0.068126271
0.064841979	0.221646058
-0.149473929	-0.03921246
0.123989202	-0.361893286
-0.173364792	0.352725127
0.209751591	-0.355317008
-0.199140264	0.413585332
0.187404981	-0.478647767
-0.058326269	-0.57880995
0.085456887	0.155141694
-0.199350639	0.816321619
0.323394748	-0.843562929
0.566758701	-0.295863989
-0.182321374	0.112758058
-0.549979438	0.156918033
-0.545406808	0.975170254
0.679931566	-0.332509698
-0.026829571	-1.097108317
-0.183246938	1.111761249
0.310604605	0.566712283
-0.375250742	-0.634007583
0.305796975	-0.825635072
0.045099669	0.81867384
-0.340566055	-0.503963251
0.256437043	-0.428403369
-0.078736829	0.408009835
0.029316106	-0.288278589
-0.0076723	0.194234388
0.024775281	-0.140033585
-0.14767583	0.066264521
0.175026643	-0.163118608
-0.080735531	0.271660813
-0.357421792	0.338864727
0.375646985	-0.482425151
-0.399397432	0.562488666
0.401026475	-0.588706903
0.161913355	0.358517656
-0.627755229	0.250772677
0.58203327	-0.193625919
-0.494486045	0.207699312
0.358298971	-0.334391805
-0.250714122	0.49396941
0.219255787	-0.583165433
-0.160116855	0.609499051
-0.312607596	-0.456607063
0.557183542	0.204222969
-0.523788659	-0.129625839
0.417700466	0.069962408
-0.249549266	-0.090145349
0.037362052	0.24071652
-0.175171602	0.173250706
0.157468197	-0.401274936
0.295062957	0.378720568
-0.649755937	-0.220435111
0.788223248	0.187333708
-0.132561241	0.253038471
-0.698429082	-0.017807837
-0.744805535	-0.418282431
0.19422453	-0.203877678
0.391900359	0.597708365
0.626316129	0.119024846
-0.33789549	-0.344918605
-0.754000751	-0.28767422
0.820755278	0.024119259
-0.445510481	0.360740716
-0.931284843	0.102278898
0.401056037	-0.254951032
0.921385836	-0.123598398
-0.270370068	0.026012173
-0.746329326	0.061137685
0.611504298	-0.025993028
-0.398531153	0.082317051
-0.287795735	-0.294445279
-0.111483594	0.14986445
0.317673504	0.287856354
-0.202025221	0.141894705
-0.223877619	-0.029886395
0.054982366	-0.479256515
0.038415241	0.460649688
-0.033751791	-0.407559424
0.040297848	0.333309811
-0.04930872	0.217806403
-0.024407993	-0.188136272
0.113077943	0.113367792
-0.208444705	-0.049759586
0.286553457	0.040293084
-0.364871244	-0.040328286
0.425064903	0.044739908
-0.465792796	-0.048071505
0.498166568	0.045239946
0.060740346	-0.03822087
-0.564876685	0.008990407
-0.279986677	-0.029837905
0.123183887	-0.000781991
0.532256823	-0.064790158
0.645883032	-0.203290742
-0.603918503	0.309124142
0.518433152	-0.411489354
-0.339130673	0.527946705
0.166486684	-0.48665917
0.20446868	0.025501152
-0.060134484	0.283792284
-0.058885067	-1.69E-01
0.132741403	-0.019894508
-0.165935241	0.127615654
0.012434608	0.082610803
0.248131207	-0.398571095
-0.26751794	0.554840742
0.250042816	-0.691858928
-0.251863106	0.307629513
-0.165197766	0.784611004
0.264946484	0.784991118
-0.107543108	-0.811656793
-0.447645586	-0.570808181
0.436334327	0.564964875
-0.672645637	-0.083303289
0.631654068	-0.212939775
-0.461668633	0.295447873
-0.136980113	-0.178318137
0.253184102	-0.14774132
-0.106885855	0.116468987
0.033313332	-0.063472102
-0.03430221	0.012069843
0.042250532	-0.022555779
0.015259751	0.106140136
-0.065460088	-0.170645112
0.15009646	0.071996424
-0.079788625	0.241872106
0.01088162	-0.270466539
0.216156953	-0.043868609
-0.20741227	0.104167128
-0.328614252	0.1650625
0.37869045	-0.141458807
-0.42087389	0.11056009
0.441527698	0.058879332
-0.381382076	-0.310797948
0.287061726	0.503237733
-0.400181947	-0.47664563
0.112123359	-0.289141921
0.39996924	0.621058255
-0.458293377	-0.596980075
0.494672507	0.544003035
-0.497661335	-0.461531117
0.42007468	0.410731458
0.086824936	0.062495248
-0.274538117	-0.280584404
0.146668307	0.009467478
0.080192855	0.350892863
0.010708596	0.066326089
0.029908703	-0.506262994
-0.108956822	0.566731298
0.250156458	-0.587289195
0.316555825	-0.050662728
-0.215532208	0.060736001
-0.543876528	0.492837406
0.615664219	-0.403709785
-0.438938151	0.489757973
-0.28813724	-0.614471249
0.554090574	0.606949976
-0.658709143	-0.596928803
-0.531737811	-0.439856493
0.077183967	0.216697683
0.531833168	0.650510803
0.237092032	0.410857835
-0.018738171	0.220780014
-0.344618493	-0.163162001
-0.327313678	-0.413088282
0.352791948	-0.17466205
-0.100260598	0.40074153
-0.14507572	0.375971766
0.176208976	-0.233225503
-0.155306899	-0.164876106
0.130606598	0.202592076
-0.208734915	-0.161730349
0.260528891	0.176822977
-0.346407714	-0.160308788
0.441252568	0.007623098
0.318453334	0.147670709
-0.329850153	0.004760007
-0.676862092	0.139411818
0.678382733	-0.255081567
-0.296937586	0.726856093
-0.070800076	-0.867504352
-0.028380373	-0.566111353
0.11951163	0.677042488
0.063738224	0.79177894
0.239794456	-0.201161675
-0.327879604	-0.489150753
-0.555950125	0.31058483
0.860336109	-0.109808784
-0.969056937	-0.063029425
0.994065811	0.233462677
-0.415335651	-0.440916804
-0.807397515	-0.425170015
0.145492833	-0.201113886
0.319578299	0.702789324
-0.140576771	-0.653688062
-0.079906841	0.561706496
0.075211249	-0.456531425
-0.060085285	0.382590151
-0.047770668	-0.366264446
0.01346943	-0.002352977
0.183332185	0.442862509
-0.205124681	-0.463815692
0.198293266	0.433315725
-0.168938304	-0.348559184
0.188753497	0.001091374
0.152217615	0.083113152
-0.054471876	-0.123039571
0.062695461	0.17674183
-0.126599194	0.247433758
-0.006107682	-0.358714478
0.152679388	0.366666667
-0.191594945	-0.334468022
0.189658133	0.303653206
-0.143367259	-0.325454746
-0.070647082	-0.315767495
0.059341783	0.45653978
0.02258463	-0.545083517
-0.043790764	-0.54052676
0.031446651	0.190131092
-0.044723275	0.636423502
0.019211974	-0.557933899
0.093563453	0.371983657
-0.067645612	0.308114492
-0.085949386	-0.12878485
0.117252766	0.018682706
-0.109504786	0.009937743
0.132731548	-0.032540601
-0.172255487	0.082549011
0.188550599	-0.037746435
0.092314303	-0.275116969
-0.150917254	-0.221731712
0.082556422	0.433863869
-0.092595165	-0.460014749
0.106604516	0.387751794
0.10902851	0.416381903
-0.205681961	-0.217270821
0.066805823	-0.293357817
0.107547389	0.309926994
0.05108564	-0.125406339
-0.095083142	-0.328245166
0.078868586	0.368859503
-0.057550964	-0.416404425
0.033900823	0.450746351
0.052365558	-0.430025223
-0.109350627	-0.266879492
0.142506271	0.263782094
-0.376599703	0.351971157
0.168575026	0.340706854
-0.128654212	-0.470368042
0.293702108	-0.521247825
-0.180366543	0.65282559
0.586488601	-0.079419969
0.2701988	-0.186492532
-0.456155749	-0.223240416
0.175097601	0.320156445
-0.041052324	-0.30248985
0.002015915	0.286771141
-0.002706543	-0.278309439
-0.006444805	0.264794603
-0.085213961	-0.081038024
0.235702347	-0.199422823
-0.291653977	0.212782732
0.334500724	-0.206012535
-0.267998133	-0.099653067
-0.402429845	-0.0500279
0.282758212	0.462062276
0.12479931	0.067214512
-0.325887064	-0.634646949
-0.290423444	0.052247846
0.38673542	0.645759688
0.252612009	-0.027871562
-0.361417772	-0.531735883
0.289835094	0.450464708
0.153437476	0.2389689
-0.149944032	-0.243226279
0.1582816	0.133473061
-0.23645162	-0.049045791
0.331709881	0.040246638
-0.437022314	-0.085443824
0.474639671	0.105985829
0.540011537	0.422731597
0.401336475	0.489694722
0.079758443	0.368373967
-0.580888523	-0.895970889
-0.49932385	-0.148119258
0.408475873	-0.095403807
0.593005753	1.214144136
-0.598002245	-1.222899667
0.325168055	0.195088032
0.796051345	0.86845153
-0.771665678	0.245351147
-0.079725746	-0.871337191
0.692583755	0.086704775
-0.511720637	0.579220098
0.364894361	-0.630254656
-0.337517448	0.568834751
0.326320898	-0.511273093
0.326341171	-0.229030436
-0.267444844	0.104012179
-0.187679984	0.398234973
0.131317598	-0.367831657
-0.090442791	0.308998786
0.035933526	0.23269376
-0.030723518	-0.015726629
0.091492555	-0.203696802
-0.137279225	0.19913797
0.167813755	-0.2365263
-0.04189495	0.319679305
-0.479041962	-0.257029362
0.770514503	0.218392315
-0.591139811	-0.377008681
-1.047002179	0.05195806
1.052354603	0.093093656
0.056100314	-0.203001707
-0.822742257	0.083607419
0.568295249	-0.165241879
0.491637895	0.086902042
-0.344745411	0.097523303
0.193889022	0.116844892
0.081865369	-0.230599181
-0.190770965	0.263491874
-0.122193738	-0.007309128
0.432935871	-0.314109577
-0.596347329	0.325638038
-0.602161306	0.277087638
0.655476978	-0.300656274
-0.626866654	0.261442148
0.184056421	0.006335019
0.453662769	-0.149119496
-0.355658411	0.090715272
0.191952151	-0.12616391
0.207216678	0.248466278
-0.040917989	-0.269807672
-0.458605576	-0.054545979
0.550485462	0.11132909
-0.586106768	0.051774965
-0.052777867	-0.095222714
0.531662824	0.019376024
-0.494654889	-0.033244788
0.471962463	0.058323028
-0.066398783	-0.130652617
-0.436470867	0.012754523
0.399276486	0.020034834
-0.347114692	0.103744398
0.293305436	-0.133270369
-0.246951014	0.142547607
0.205831617	-0.124202614
-0.168845893	0.084935456
0.151894707	-0.020106299
-0.184839524	-0.022749756
0.287202922	0.031369247
0.044351812	0.036880292
-0.662580432	0.000400657
-0.637278817	0.096684698
0.929431507	-0.036849264
-0.971806267	-0.009512747
0.373807236	0.003488236
0.814519349	0.113327146
-0.667267347	-0.134124311
0.053020935	-0.268053429
0.393201833	0.383370198
0.168550908	0.072852359
-0.496328198	-0.395016294
0.625260497	0.374516589
-0.444871373	-0.547665512
-0.724761433	0.32723215
0.909874608	0.078418065
-0.424425594	-0.468482229
-0.600703519	0.371757618
-0.115997095	0.528562483
-0.028062548	-0.006105771
0.164940435	-0.429272586
-0.049117087	0.338094306
-0.068947518	-0.21821285
0.155545237	0.018901609
-0.082617426	-0.010772223
0.04668236	0.018359912
-0.018296147	-0.048470071
0.024524798	0.071231282
-0.052704303	-0.12145376
0.098826763	0.207089252
-0.156310751	-0.305132428
0.246622534	0.346083852
-0.445961989	-0.132231952
0.367848692	-0.218209571
0.403218855	0.188545054
-0.44705169	-0.063275986
0.400600967	0.06002054
-0.375175654	-0.113643394
-0.032932309	0.266036363
0.29149853	0.468218678
-0.370454209	-0.555775186
0.623868059	-0.157913034
-0.21810742	0.84727814
-0.461128382	-0.155932669
-0.460244806	-0.274027438
-0.047163247	-0.728538294
0.618804696	-0.127329197
-0.417007626	0.504827779
0.300665387	-0.564080015
0.156001958	0.29218584
-0.262861846	0.573569066
-0.483497557	0.276004351
-0.068476098	-0.593175116
0.673776042	-0.601948588
-0.460210477	0.869886919
0.665071808	-0.636596905
-0.339639882	-0.551840011
-0.249211942	0.752086518
-0.119231144	-0.568582736
0.215585581	-0.286883327
-0.151737655	0.172242356
0.323344795	0.298907497
0.150966645	0.433522628
-0.107589838	0.215330905
-0.159613057	-0.429284497
0.043154869	0.365944791
0.135589918	-0.314834145
-0.214428509	0.341517318
0.062502777	-0.45433196
0.57713389	0.410520452
-0.811225535	-0.376323063
0.705488685	0.074090191
0.444196429	0.415520151
0.088083822	0.395482533
-0.270796682	-0.020288122
0.190903467	-0.109202364
-0.220806667	0.118902248
-0.002754896	-0.225878493
0.284591667	-1.21E-01
0.776867682	0.004627739
-0.990275097	0.247666379
0.776352518	0.792935997
0.530835501	-1.317148536
-1.308894872	0.744894243
0.837608324	-1.141850839
0.861433603	-0.602353259
0.932448198	-0.00365905
0.816145929	0.386801126
-0.951253869	-0.00026831
-0.335457874	-0.035055631
0.400080649	0.000940801
0.460550862	0.02278622
0.367954705	0.014672893
-0.232549097	0.016847964
0.178929998	0.042755029
-0.173740916	0.105328093
0.080452919	0.241037733
0.081202471	-0.508144342
-0.052881556	0.742160196
0.008995048	-0.945546272
0.082110867	1.05545613
-0.096984999	-1.041880909
-0.261280976	-0.710639411
0.227316541	0.753444156
-0.385660255	-0.433698348
0.447593788	-0.157387185
0.178881237	0.240147079
-0.60983643	0.155849885
0.054943209	-0.087371122
0.800022447	-0.154606428
-0.152071318	0.158645095
-0.849458352	0.04570096
0.754128361	-0.051857106
-0.599765557	-0.018649512
0.471668427	0.035324136
-0.453820104	-0.048974816
0.557954589	0.083229188
-0.711478934	-0.149487615
0.814569199	0.235142764
-0.671871253	-0.445603432
-0.250330082	0.608939074
0.143329238	0.582502898
0.237479068	-0.731034294
-0.239810286	0.66365926
0.031114288	-0.526006411
0.497496936	-0.087644379
-0.184709872	0.032484771
-0.437246356	0.126482814
0.359312336	0.090564467
-0.193982185	-0.261300077
0.116607512	0.290828827
-0.091971836	-0.255623015
-0.122842489	0.127213501
0.17564507	0.091497463
-0.170812775	0.013501367
0.175920495	-0.290187576
-0.353741001	0.457726015
0.763319186	-0.510932402
-1.110718601	0.609532638
1.338771209	-0.666428442
-1.315094476	0.521765953
-1.089983594	0.790652558
0.258714042	0.260369689
0.463314812	-0.68600767
-0.250849941	0.47223602
0.086882528	-0.287536056
-0.047004804	-0.032133348
0.057334033	0.068863394
0.044375484	0.098054741
-0.119374515	-0.055380268
-0.046217427	-0.040560357
0.194616814	-0.006164855
-0.091857734	0.006046524
-0.198158523	0.006981281
-0.1254556	-0.01898377
0.131808678	0.0402982
-0.094861813	-0.050096805
0.074310638	0.043620979
-0.06487243	-0.056258604
-0.073590735	0.136505373
0.131097521	-0.227225908
-0.185793744	0.338537252
0.219515294	-0.462256167
-0.228375748	0.592866083
-0.101348419	-0.689207545
0.635519899	-0.023351696
-0.324626659	0.777459411
0.014441402	-0.800036343
0.64518754	-0.207503551
-0.568871439	0.484832795
0.487143782	-0.484679417
-0.451256585	0.417816792
0.35372526	-0.403298722
-0.304963892	0.345278232
0.379925237	0.070697004
-0.290704067	0.021259006
-0.319220174	-0.420760862
0.284322013	0.392074799
0.372279941	0.243766667
-0.383781108	-0.192293244
0.428795287	0.102348738
-0.518873044	0.022709303
0.342608712	-0.060782416
0.749430914	-0.05625974
-0.824207232	0.044690178
0.846861697	-0.055370124
-0.829462571	0.094135891
-0.535679274	-0.133602059
0.537693467	-0.32867197
0.657422816	-0.00058708
-0.401442055	0.511950792
-0.277521638	-0.711575234
0.482268434	0.700222211
-0.572805565	-0.666234154
0.274024303	0.521887286
0.745700507	0.278361853
-0.687338249	-0.178921272
0.540890511	0.136578678
-0.388714664	-0.098835783
-0.04835687	-0.398998794
0.059047693	0.546026147
-0.124182857	-0.479334798
0.258364534	-0.785682677
-0.333581585	0.862536137
-0.031580243	-0.686470383
0.634186571	-0.597782966
-0.220782027	0.673917121
-0.743998972	-0.177153493
0.177714018	0.466618893
0.810101982	-0.271982331
-0.853748161	0.107192335
0.785445985	0.123776414
-0.309160722	-0.300350488
-0.506578572	0.023457663
-0.199022954	-0.143293295
-0.092063032	-0.110381424
0.094282642	0.019816167
-0.070508259	0.01898084
0.132959115	-0.034171746
-0.262079683	0.049408841
0.41218942	-0.070103841
-0.536672047	0.094508575
0.612316124	-0.074167445
0.040169459	-0.204395628
-0.616841764	0.182215572
-0.322116214	-0.196141559
0.203078353	-0.207754831
0.611732908	-0.137571534
-0.625986609	0.170908644
0.238991793	-0.0876542
0.667542398	-0.192650812
-0.651342204	0.206332787
0.592290247	-0.213578369
-0.500950171	0.205315117
-0.050025682	0.060453295
0.206956739	-0.012617232
0.225799303	-0.108519787
-0.22436648	0.016214882
0.241914692	0.046471819
-0.278956374	-0.0558739
-0.086902303	0.053723106
0.332931622	0.037957433
0.059416021	-0.087712806
-0.301239292	0.041482329
0.002309299	0.051709084
0.196635908	-0.03468621
-0.143079899	-0.003178356
0.114636454	0.013491449
0.080661442	0.053085038
-0.180436318	-0.049548727
0.303125319	-0.022352971
-0.382104411	0.250349543
-0.273526401	-0.419593584
0.871614352	0.062425285
-1.005442545	0.074641829
0.940690858	0.428892677
0.440931102	-0.598929936
-0.969394909	0.203696444
0.866498884	-0.146831802
-0.744346457	0.115419567
0.629112646	0.22011955
-0.354700302	-0.643599164
0.391456751	0.782475513
-0.356539616	-0.396117501
-0.553755234	-0.950237291
-0.582484736	-0.148248715
0.41628391	-0.009119114
0.770333801	0.713930543
-0.063511802	0.494351457
-0.301532666	-0.601274597
-0.63457127	-0.318001771
0.552934385	0.261548793
-0.500133154	-0.139739206
-0.243221953	0.044623112
0.470035548	-0.034341221
-0.48191153	0.095041287
0.506856398	-0.112719406
0.279641604	-0.296491703
-0.572714438	0.250156964
-0.165574723	-0.143781872
0.593431218	-0.183666042
-0.559464666	0.115331055
0.489975429	0.015114501
-0.396963504	-0.130667116
0.060453292	-0.158710098
0.144752656	0.265166011
-0.122498896	-0.076017422
0.069926123	-0.321099
-0.110205645	0.335430321
0.246032988	-0.238650263
-0.452568991	-0.046615262
0.561573807	0.115378222
-0.637704577	-0.096624118
0.672048697	-0.036896978
-0.500361966	0.194120344
-0.635414043	0.147588847
0.585505579	-0.177280371
-0.531234727	0.146079513
0.446239593	0.066928558
0.289505975	-0.209974914
-0.472176286	0.158764266
0.513160702	-0.264846741
-0.562784584	0.39772511
0.590746972	-0.500006065
-0.54751512	0.550727779
0.368635954	-0.540575604
0.441514861	-0.114924682
0.062199158	0.382288811
-0.028825907	-0.259694779
-0.452428498	-0.181071327
0.499902692	0.142939346
-0.523075473	0.095115546
0.497330786	-0.084664199
0.306136706	-0.390099135
0.188123235	0.121113314
-0.295953267	0.26153704
-0.058560387	0.512146896
-0.127969587	-0.388939575
0.043604101	-0.564575542
0.133593874	0.540531292
-0.257786068	-0.452600573
0.461532089	0.234071941
-0.466358005	-0.043792108
0.160011751	-0.24261922
0.255592705	-0.185808174
0.088819644	0.261713605
0.051795575	-0.203024428
-0.153135476	-0.012121965
-0.022090716	0.109400863
0.106586328	0.002069373
-0.080757886	-0.072329905
0.047022257	0.156037651
-0.045157469	-0.24714247
0.023321841	0.340087574
0.080326603	-0.397455955
0.141979372	0.314592581
-0.310414686	0.211502382
0.162474775	-0.325970065
0.034627376	0.300378879
-0.176127309	-0.318869277
0.225048058	0.36497571
-0.237856681	-0.396227096
0.218588239	0.389412744
-0.179775299	-0.367251592
0.133810122	0.375882195
-0.096916	-0.435710705
0.038558158	0.518884552
0.140017274	-0.510224143
-0.274057373	-0.393390139
0.136234233	0.560098764
-0.010556837	-0.50451471
-0.076280648	-0.020607098
-0.272272599	0.418461251
-0.061800981	-0.357723732
0.851274033	0.065492608
-1.113790318	-0.091822365
1.253196943	0.019973264
1.043897686	0.382142131
-1.286512317	-0.274117764
1.099039515	-0.098584277
0.844560501	0.336815373
0.29117556	0.505530826
-0.147331205	0.359707075
-0.526031093	-0.213090509
0.259462881	-0.18430506
0.344288736	-0.006658086
-0.304843168	0.019458234
0.320191154	0.075261892
-0.138075956	-0.161792308
-0.498757717	0.007387873
-0.545698036	-0.071811192
0.684653302	0.057222406
-0.790290388	-0.072408009
0.869308221	0.021313789
0.533564143	0.15447314
-0.906083922	0.000568153
0.865311942	-0.088129989
-0.810008927	0.092476133
0.780085246	-0.076215963
-0.803544988	-0.023086228
0.871010986	0.141602359
-0.939751057	-0.186209518
0.965861343	0.18172114
0.170446392	-0.119194221
-0.239613609	0.05765235
-0.720384856	-0.032977959
0.56561787	0.00917161
0.193249296	-0.013437128
-0.256429025	0.007272227
0.147494347	-0.005757738
-0.084567589	-0.006273611
0.043038409	0.031254308
0.027083811	-0.071201962
-0.055493705	0.086270054
-0.036389686	-0.055290504
0.12929455	-0.050515495
-0.011311381	0.043352556
-0.135274861	-0.02027959
0.10973624	0.032443996
-0.075157727	-0.040716561
0.058353778	0.043740528
-0.090844765	-0.044625572
0.187279969	0.044917706
-0.191355327	-0.114139725
-0.525464873	0.022642107
-0.437649923	-0.098538133
0.015148306	-0.111278519
0.815828583	0.01765433
-0.771962699	0.040179722
0.65317688	-0.030796514
-0.52491438	-0.037473392
0.457307946	-0.146062064
-0.219136681	0.366737454
-0.389883496	-0.270292037
0.071262288	-0.271051074
0.703390909	-0.026383083
-0.704765359	0.082004216
0.615939039	-5.59E-05
-0.463923997	-0.020677073
0.307276337	0.028531271
-0.194598477	-0.033434444
0.140153279	0.028753928
0.117048355	0.032001195
-0.147464003	0.021903768
0.16197831	-0.067146956
0.155716554	-0.04487735
-0.22552859	0.257793096
-0.00709522	0.37384079
-0.141973574	-0.078630585
0.246648344	-0.767053125
-0.34219012	0.845221818
0.227611389	-0.823062439
0.746209643	-0.08094752
-0.773169701	0.259193326
0.650296423	-0.140306284
-0.022786425	0.247503223
-0.085030837	-0.220450511
-0.327455596	-0.1347704
0.327534115	0.116459455
-0.341594996	0.023610648
0.350793135	-0.041361273
-0.359021828	0.025039954
0.380503745	-0.012200101
-0.422887999	0.006249624
0.478091368	0.015027323
-0.526608754	0.050268526
0.52392192	0.093611555
0.242694602	-0.281398392
-0.235157961	-0.311355995
-0.349908439	0.225261752
0.363535309	0.21997096
-0.178373186	-0.382624972
0.28271686	0.250840164
-0.03893233	0.125727392
-0.393029577	-0.037537894
-0.412841566	-0.125214867
-0.162828245	-0.06697229
0.514816557	0.032959109
-0.508535899	-0.020095249
0.470468371	0.020006722
0.090241517	-0.026760334
-0.407945733	-0.02967453
0.456147667	0.014641894
-0.585271072	0.101416581
0.771904108	-0.225941033
-0.958116439	0.39130107
1.083111801	-0.576689981
-1.118029091	0.745480716
0.942890894	-0.987237241
0.590244679	-0.092487064
-0.889208087	0.807462627
0.030576647	0.709802879
0.151543401	-0.901719851
0.409476464	0.866282765
-0.458048404	-0.79210132
0.400490126	0.666670691
-0.255378462	0.11860144
0.149290258	-0.318667227
-0.454449093	0.038257296
0.33680913	-0.156288791
0.669525978	0.074847751
-0.721362998	-0.091092339
0.322315864	0.195898054
0.600192926	-0.034854617
-0.470101364	-0.051012064
0.348558045	0.04688409
-0.275166849	-0.049155035
0.253902801	0.050149945
-0.258314496	-0.040398893
-0.188388372	-0.05459247
0.244898962	-0.024570126
0.204201601	0.056762854
-0.227881697	0.002495585
0.225684636	0.000502129
-0.264168456	-0.008561257
0.356427182	0.015595026
-0.485482867	-0.030573225
0.612508488	-0.022168365
-0.70293219	0.271301033
0.544001441	0.094906028
0.573511568	-0.872016577
-0.630302579	0.979648928
0.838712574	-0.707334017
0.263742586	-0.981142103
-0.670824981	1.021350843
-0.141428282	-0.720499937
0.978395366	-0.437089361
0.162159275	0.247131624
-0.154838969	0.333248814
-0.882312036	-0.152919478
-0.81853885	0.10408627
0.986000513	0.158864362
-1.02443692	-0.199790743
-0.199335496	-0.044696302
1.096952668	0.128702439
0.846012128	0.385978394
-1.137903184	0.289147936
0.928057187	-0.770238043
-0.640432527	1.016624646
0.497776092	-0.958670293
-0.342438938	0.814248728
0.24385437	-0.630813631
-0.452013021	0.2659572
0.555454407	-0.134121756
0.833079088	0.077002311
-0.954021469	-0.12179671
0.986284494	0.164329388
-0.927491216	-0.175788854
-0.347178676	0.154826161
0.697657833	0.109328165
-0.622419223	-0.061511125
0.607943761	0.025164503
-0.63903763	-0.008198136
0.559615364	-0.002179864
0.744720533	0.011518021
0.468029502	-0.055229158
-0.829358845	0.024439864
0.862423938	-0.025109782
-0.902881704	0.001436306
-0.355718378	0.071817119
1.049294341	-0.041106826
-1.161264494	0.008234702
1.283668404	0.080024053
-1.129046963	-0.204360011
-1.423996956	-0.040578665
1.372639284	0.136290751
-1.228385382	-0.143712475
0.109316004	-0.002330587
0.827438022	0.125195933
-0.669773714	-0.107323002
0.563293005	-0.139825388
-0.481254933	0.206171153
-0.103179806	0.453902982
0.15133322	0.46498341
-0.216166716	-0.723792755
0.442411609	0.780492221
-0.468455157	-0.751863356
-1.142029045	-0.382177532
1.412037331	0.361730724
-1.541131436	0.300631272
0.444698176	-0.684651548
1.322064011	-0.012354786
0.23412295	0.260363373
-0.822147929	0.22700544
0.552114531	-0.078616292
0.458754591	-0.32495612
-0.339585328	0.357788633
-0.36424092	0.295935584
0.326167531	-0.035774973
-0.11710997	-0.807684007
0.222744064	0.946126109
-0.350132115	-0.964550301
0.190578819	0.801098553
0.774564353	0.301327919
-0.741399224	-0.300227952
0.660907073	0.061530461
-0.221148405	0.128508265
-0.469968809	0.061972602
0.420008323	-0.140817371
-0.425197325	-0.004103889
0.268376476	0.512363908
0.083108143	-0.209554472
-0.274403545	-0.852280699
-0.031492669	0.801607968
0.501098393	0.549981345
-0.32125174	-0.750296926
0.258996929	0.685328738
-0.328194515	-0.462687552
0.343253244	-0.573467425
-0.39599147	0.69624036
0.466075983	0.101660757
0.310239356	-0.968718545
-0.376477604	-0.395554538
0.043707298	1.167631749
-0.250763955	0.878929809
0.075483726	-1.197308949
0.143801137	-0.755520415
-0.200994866	0.940806829
0.179475458	0.712287062
-0.130589537	-0.194935985
0.096146446	-0.603091361
-0.021135213	-0.428356416
-0.061598021	0.402655036
0.045022347	-0.354789245
-0.031248486	0.331653108
0.010983922	-0.314268778
0.048782097	-0.274186609
0.030363107	0.276657527
-0.060755741	0.008200165
-0.151154002	-0.269672234
-0.293234883	0.009595255
0.447506444	0.15877279
-0.555605061	0.029801081
0.646557525	-0.230087253
-0.177402625	-0.263035527
-0.297097588	0.639720164
-0.819616896	-0.128679831
0.697864995	-0.499699078
0.424726465	0.979956877
-0.711144071	-1.023963916
-0.510563387	0.251809683
0.970140365	0.592135258
0.382119207	-0.248527814
-0.041386061	-0.598948036
-0.681663537	0.324124768
0.515109413	-0.36861634
-0.308952227	0.475222533
0.462049458	-0.296898798
-0.491839172	0.323826848
-0.700595959	-0.225478483
0.924742256	0.212532228
-0.968310098	-0.324679615
-0.509548198	-0.536607996
0.608103496	0.015695652
0.458235443	1.086292639
-0.141846611	-1.283129361
-0.187023077	1.419340538
0.254251238	-1.412125335
-0.236019938	0.36303618
-0.08986345	0.999534855
0.516863494	-0.086839057
-0.597655093	-0.396887117
0.58798001	0.365352937
0.577492353	0.046823189
-0.835127627	-0.167250166
0.56093358	-0.238620692
0.885908849	0.286365644
-0.913454432	-0.276726956
0.69713048	-0.089515143
0.282990434	0.643032278
0.1158947	-0.395322482
-0.19263365	-0.556034534
-0.391553203	0.508770531
0.204526517	0.14588894
0.550580342	-0.442434902
-0.559074128	0.459354424
0.297048018	-0.729693658
-0.410956676	0.413094144
0.017039874	0.922364695
-0.274991291	0.039163525
0.288501757	-0.911987602
-0.357548082	0.775320947
0.449315537	-0.483707985
-0.488637995	0.194433447
0.428574348	0.000408671
-0.297680307	-0.054025518
-0.3330953	0.100831285
0.357588028	-0.160547278
-0.29186556	0.324158709
0.239500022	-0.462222376
-0.383937973	0.409030917
0.241878516	0.379900718
0.590854605	-0.482383866
-0.956441934	0.296821831
1.174383667	-0.229629033
-1.288534844	0.15913094
1.24806314	0.24908201
0.144507965	-0.762329489
-0.050938943	-0.747069879
-0.069842195	0.629801917
-0.824707067	-0.269908434
0.940010037	0.240216145
-0.986914949	-0.274081475
0.930704084	0.313013213
0.110661553	-0.384694156
-0.575850953	-0.229582164
0.264389105	0.372833535
-0.203560457	-0.177317945
0.093466821	-0.24988873
-0.223809937	0.18596073
0.304261556	-0.249476041
0.155750377	0.050458312
-0.559486446	0.35324658
0.6450696	-0.41785664
0.697089226	-0.366195269
-0.712144116	0.366175723
0.442674281	-0.42314357
0.608097357	0.067990715
-0.396967275	0.214169801
-0.445487811	-0.257060569
0.430511038	0.223148315
-0.174510894	0.030628953
-0.236172301	-0.264802269
0.208830623	0.183919471
-0.148036557	-0.129085944
0.100700793	0.0795144
0.066314635	-0.036044263
-0.123136307	0.019144953
0.194763591	-0.007625384
-0.307886492	-0.033347254
0.443398504	0.136066646
-0.576844573	-0.296334126
0.54134217	-0.055548836
0.231774313	0.997965387
-0.45077823	-1.113627234
0.086692442	1.064748528
0.889630154	0.057950018
-0.83500018	-0.324604397
0.696017	0.208557196
-0.396182882	-0.188834477
-0.459347259	-0.02602007
0.024156541	-0.181352882
0.39589158	0.148224965
-0.434229227	-0.184539004
0.344690485	0.371212386
0.270597211	-0.358655464
-0.596761563	-0.175873053
0.621579657	0.338726884
0.140542827	0.52547299
-0.079026886	-0.612243908
-0.967113515	-0.173044718
-0.950152403	1.255285841
-0.116035622	-0.819211628
1.854600418	-1.045174943
-1.72566548	0.796272543
1.406149639	-0.188138693
-1.120938551	-0.512131039
1.089700006	0.640936998
-1.061678752	-0.82958809
-1.584225156	0.25018895
2.17165868	0.379126218
-2.38133484	-0.161851597
-1.367960464	-0.409235071
2.182407989	0.435225338
-1.26095676	0.06969699
-1.576975429	-0.568037525
1.304588472	-0.635809826
0.869159224	-0.106549062
-1.025992442	1.357412107
-1.253272734	0.407137501
1.823527439	-1.295779528
-2.20245701	1.351226713
1.404226588	0.831919108
2.306285792	-1.927729642
-2.295032164	-1.778769509
-1.588434539	2.378175606
3.447814212	0.251061201
-3.24442481	-0.875376529
0.009799419	-1.758759435
0.365890727	1.593388406
1.786921458	1.244504502
-1.245599684	-1.306572048
0.894488052	1.119249923
0.684832459	-0.402940166
-1.579394235	0.296917646
-1.224716458	-0.542408519
2.92999628	-0.431530043
-3.536140277	0.788877189
2.735681838	2.801200968
0.558566195	-4.871256486
-3.127185554	2.257679769
-2.007810105	4.254754096
2.204445942	4.534828898
0.145590617	-0.579446954
-1.121641883	-4.509612969
-0.285327308	-0.124553606
0.497126381	3.104168857
0.995755088	-1.083140261
-0.837306211	-1.534178642
0.048766006	1.418442152
0.657662911	-1.201821267
-1.047842822	0.980443666
1.07107058	-1.128833652
-1.087912734	1.171090364
0.262548214	-0.784100235
1.052360332	-0.990747728
-0.364356685	-0.337557824
-0.608906366	1.186112868
0.599518057	-1.219578868
-1.089338275	0.864668382
1.173750949	-0.991723779
1.36078258	0.91854484
-1.844453957	-0.386194434
-0.882749327	-0.78981496
1.505052361	0.612402298
-0.936394951	0.181708033
-0.484122	-0.757565277
-0.067994951	0.578643366
0.136877108	-0.502204453
0.536134416	-0.217069454
-0.610516485	0.260228446
0.640333985	-0.145025837
0.749849286	-0.24911311
-0.756757196	0.361486917
0.788935026	-0.515440187
-0.855807313	0.696303685
0.340089431	0.512144373
0.402637697	-1.552140526
-0.230964886	1.697222342
0.122731626	-1.575919548
0.100735619	1.275213912
-0.461359025	-0.977109952
-1.124366227	0.137206918
-0.324667901	-0.260278003
1.982424937	0.171516096
-1.932954386	-0.053495096
1.311231672	-0.709277252
-0.315847405	1.318850561
0.209221933	-1.048771258
-0.048282337	-1.016932723
0.392861279	0.189996727
0.266797484	0.500590213
-0.388420257	-0.389151815
-0.776208929	-0.034119658
1.024449481	-0.048798097
-1.225357168	0.209796677
1.283350239	-0.456863501
-0.336178586	-0.650978856
-0.708129928	1.014694645
0.626602373	-0.866237112
-0.545800423	0.637179451
-0.155669372	0.126842349
0.487317625	-0.17619553
0.556892367	0.074525258
0.112480392	-0.365125996
-0.477353942	-0.589273995
0.332402377	0.799857971
-0.23468281	-0.778743434
0.133090222	0.632274781
0.116641832	0.5736087
-0.214234796	0.081933092
0.130093906	-0.188856593
-0.205791006	-0.120574887
0.42426746	0.12693446
-0.106057245	0.971904937
0.51147215	0.360367264
-0.25471501	-1.653416817
0.188253769	1.771498374
-0.087007682	-1.713491194
-0.04945348	1.573058377
0.017913303	-1.460275795
0.1141469	-1.015269185
-0.083593264	0.996386336
0.118886025	1.515618216
-0.132105982	-1.599528218
-0.087205937	-1.450989398
0.104122876	1.655920863
0.122616887	-1.55296376
-0.36934489	-0.276334935
0.028155767	1.107874263
0.040109028	-0.144872554
0.061601677	-0.65234283
0.487665456	0.289462029
-0.531348165	-0.228734763
-0.451773637	0.345899135
0.630413194	-0.2193217
-0.539152451	0.177608174
0.194106332	-0.226780629
0.230297404	0.287813675
-0.278422244	-0.313752296
0.271575588	0.469276051
-0.600182157	-0.388120148
1.059713858	0.248621839
-1.54751559	0.23620059
1.835195252	-0.071823699
0.812134701	-0.213998566
-0.897744579	-0.196409311
-1.442382917	-0.121619117
-0.846045521	-0.53110491
-0.263587386	0.846457425
0.183657796	-1.14863336
2.476733836	-1.114447909
-2.773888244	1.132416037
2.850772343	-0.819961577
-2.906648357	0.213488938
0.828662572	0.518504517
3.354895977	-0.216885274
2.224350654	0.958807695
-3.635685885	1.2217017
-3.447737753	0.001321205
3.918816105	-2.264510226
-2.798759515	3.578839025
2.22672801	-3.77512093
-1.786150178	3.260280324
1.586039241	-2.228815022
-1.96617548	0.808311534
1.85792426	-0.340496221
-0.781018958	0.524225867
-1.385239577	0.337475044
-0.374391486	-1.403609522
0.92897586	0.947429158
-0.456634476	1.008754322
-0.017367552	-1.140817947
0.079635991	1.081032527
0.024731585	-1.150080755
-0.354689667	1.271375611
-0.929840767	-0.889885779
1.822521796	-0.242338403
-2.126309446	-0.078774569
2.248717625	0.387018312
-0.448506118	0.378193571
-2.080923336	-0.418054483
1.943027451	0.328030748
-1.848371462	0.081107124
1.80131753	-0.405819864
0.639194225	0.617106221
-0.55501155	-0.216866583
-1.708680681	0.153086853
-0.457424503	0.79948829
0.825979326	0.387549936
1.118940553	-0.564048767
-0.795260223	-0.951138396
0.282788493	1.37381692
-0.251973519	-1.352789643
0.217759843	-1.076675385
-0.206223344	-0.323335139
-0.763642795	0.98339132
1.47326252	0.443642471
0.52855686	0.005838638
-1.591382438	-0.069376835
-1.351124269	-0.658909274
1.539059415	0.415562942
0.943735694	0.280819274
0.031608221	0.037395915
-0.810960061	-0.137817086
0.537915104	0.009628914
-0.305358493	0.092109968
0.107251229	-0.136500371
-0.05523395	0.091160812
0.04095097	-0.067912656
-0.046809433	0.0730432
0.055111784	-0.100007637
-0.053690786	0.136307597
0.039682654	-0.17486596
-0.065898868	0.131403714
0.095696548	0.239664353
-0.103947061	-0.316823907
0.289735329	0.192586998
0.160194463	0.277089369
-0.60637543	-0.052899861
0.271776533	-0.28530937
0.761211736	0.289137593
-0.033094945	0.232470772
-0.757783454	-0.519839071
0.397762823	0.361257068
0.603398543	0.817927946
0.184734673	-0.061026788
-0.275397818	-1.104540885
-0.481169892	1.191514631
-0.826084119	-0.535628845
1.424268873	-0.629171081
-1.487911488	0.536898597
1.426007398	-0.408504771
0.130215435	0.513800003
-1.055394493	-0.333898072
0.019979493	-0.462508554
0.601120821	0.683719049
-0.299840914	-0.459661674
-0.408211003	-0.704014715
0.075536279	0.417578181
0.246364871	0.756307912
-0.167705225	-0.776545635
-0.308455129	0.322149836
0.393097305	0.773618894
-0.435104672	-0.894042941
-0.374185175	-0.705097385
-0.14210452	0.150836464
0.219492662	0.871432349
0.775831597	1.208459286
1.061756518	0.625498651
-1.063008103	-0.152456901
-0.289141657	-1.332679883
0.206062313	1.217363305
1.045012115	-0.635363355
-0.442511605	0.707553217
-1.140099395	0.005332652
0.63915191	-0.620331254
0.313530193	0.927060651
-0.355526682	-0.902346297
0.255862669	0.847907793
-0.105532828	-0.221635396
0.012257016	-0.732506219
-0.040472971	0.709927682
-0.018307414	-0.600170733
0.026567179	-0.727691381
0.164999617	0.697332363
-0.248983043	0.31902526
-0.165544492	-0.639459118
0.174240967	0.53632417
-0.115062985	-0.401601584
0.045665897	0.257178932
0.039346805	-0.139152294
0.014635491	0.091309665
0.001247579	-0.145274588
0.001437276	0.298752115
-0.075484715	0.082452118
0.266303564	-0.743910173
-0.525083149	0.937816344
0.796660631	-1.074582425
-0.975414852	1.163551902
0.976646211	-1.216812596
-0.787626899	1.21822911
0.480913051	-1.12936885
-0.023022516	0.929509658
-0.137466518	-0.651609437
0.084612273	0.380366674
-0.065435563	-0.177192708
0.255321791	-0.072618322
-0.476691251	0.152852293
0.651056644	0.608270447
-0.564254014	-1.266302143
0.544584598	1.629448199
-0.13874009	-1.731225176
-0.488671592	-1.450662458
0.548352976	0.43207849
-0.184765725	1.401225785
-0.283052482	-1.151204433
0.697416574	0.6290268
-0.926870528	-0.052658916
0.850446156	-0.265253986
-0.572827079	0.489460795
-0.074739114	-0.449236866
0.537611452	-0.177433734
-0.406454799	0.456173182
-0.380574622	-0.546321374
0.866986128	0.336225141
-0.93911109	-0.320312101
0.903875916	0.086650768
0.133791308	0.613657604
-0.42195329	0.293369056
0.158061807	-0.41922838
-0.008836305	-0.871651501
0.054331135	0.999957923
-0.187509216	-1.108112174
0.156570386	-0.808278958
0.503495873	1.081446922
-0.062037545	-0.851090465
-0.916644562	-0.603901632
-1.385237305	-0.154368038
-0.727501026	-1.103094563
1.184186549	1.435308158
-1.085101278	-1.591906342
0.797638464	1.428638948
0.49467192	-0.058053195
-0.159638456	-0.595047383
0.026638479	0.333916249
-0.060272853	-0.330401176
0.160762008	0.533149117
-0.230077117	-0.801587334
-0.001099545	1.002304866
0.812052988	-0.870509179
-1.402187127	0.510978035
1.646526822	-0.353144217
-0.321761396	0.621206962
-1.93859299	-0.221447641
0.17198988	1.358707014
1.740436045	-1.400505037
-1.98170106	1.226948301
1.87268345	-0.866804978
0.092100972	-0.945079927
-1.297462756	0.6506225
-0.051053554	0.687339443
0.488805883	-0.838741645
-0.32814213	0.844982323
-0.035541088	-0.888484515
0.563666555	0.903516919
-0.864136851	-0.725884476
0.829959254	0.590587171
-0.471883944	-0.5911798
-0.253470339	0.557830423
0.315186017	-0.435789668
-0.075142739	-0.331816043
-0.039538572	0.617594156
-0.203207996	-0.459327619
0.00516396	-0.782595631
0.153266376	0.859315418
0.155961228	0.850542209
